function [exo_force, theta] = cal_force_and_knee_angle()
% exo_force和theta曲线没有匹配上！

%% data input

% single cycle force: from max knee flex (mid swing) to toe off (stance ends)
singleCycle_force = [
    % 0
    % -39
    % -77.2000000000000
    % -113.600000000000
    % -147
    % -176.800000000000
    % -202.200000000000
    % -222.800000000000
    % -237.800000000000
    % -246.800000000000
    % -250
    % -250
    % -250
    % -250
    % -250
    % -250
    % -250
    % -250
    % -250
    % -250
    % -250
    % -250
    % -250
    % -250
    % -250
    % -250
    % -250
    % -250
    % -250
    % -250
    % -250
    % -250
    % -250
    % -250
    % -250
    % -250
    % -250
    % -250
    % -250
    % -250
    % -250
    % -249.800000000000
    % -249.600000000000
    % -249.200000000000
    % -248.600000000000
    % -247.800000000000
    % -246.800000000000
    % -245.800000000000
    % -244.400000000000
    % -243
    % -241.400000000000
    % -239.600000000000
    % -237.600000000000
    % -235.600000000000
    % -233.200000000000
    % -230.800000000000
    % -228.200000000000
    % -225.400000000000
    % -222.600000000000
    % -219.600000000000
    % -216.400000000000
    % -213
    % -209.400000000000
    % -205.800000000000
    % -202
    % -198.200000000000
    % -194
    % -189.800000000000
    % -185.600000000000
    % -181.200000000000
    % -176.600000000000
    % -171.800000000000
    % -167
    % -162
    % -157
    % -152
    % -146.600000000000
    % -141.400000000000
    % -135.800000000000
    % -130.400000000000
    % -124.600000000000
    % -119
    % -113.200000000000
    % -107.200000000000
    % -101.400000000000
    % -95.2000000000000
    % -89.2000000000000
    % -83
    % -76.8000000000000
    % -70.6000000000000
    % -64.2000000000000
    % -58
    % -51.6000000000000
    % -45.2000000000000
    % -38.6000000000000
    % -32.2000000000000
    % -25.6000000000000
    % -19.2000000000000
    % -12.6000000000000
    % -6
    0
39
77.2
113.6
147
176.8
202.2
222.8
237.8
246.8
250
250
250
250
250
250
250
250
250
250
250
250
250
250
250
250
250
250
250
250
250
250
250
250
250
250
250
250
250
250
250
246.8
237.8
222.8
202.2
176.8
147
113.6
77.2
39
0
0
0
0
0
0
0
0
0
0
0
0
0
0
0
0
0
0
0
0
0
0
0
0
0
0
0
0
0
0
0
0
0
0
0
0
0
0
0
0
0
0
0
0
0
0
0
0
0
0
];

knee_angle_raw = -[
    -64.12560011
    -64.00256958
    -63.76800711
    -63.45091955
    -62.9755653
    -62.59194039
    -62.06423135
    -61.53454313
    -60.97199512
    -60.30968473
    -59.65312286
    -59.06873959
    -58.47171786
    -57.93122574
    -57.41205913
    -56.88281718
    -56.44662208
    -55.96105966
    -55.60373435
    -55.24759584
    -55.01969809
    -54.86307054
    -54.77080252
    -54.64107582
    -54.66933981
    %%%%%-- gait cycle starts here --%%%
    -55.11708732
    -55.83900513
    -56.52659017
    -57.16529849
    -57.5553304
    -57.64780507
    -57.62290076
    -57.46447088
    -57.03545389
    -56.37020575
    -55.5312311
    -54.54092095
    -53.37804356
    -52.08246027
    -50.49297837
    -48.75949255
    -46.83789327
    -44.79025972
    -42.62554235
    -40.26833597
    -37.74408198
    -35.02976386
    -32.19107148
    -29.3045595
    -26.62352572
    -23.61252756
    -20.46697171
    -17.71309078
    -14.99400006
    -12.43848796
    -10.26085306
    -8.26794504
    -6.52375514
    -5.08146035
    -3.78282582
    -2.59774255
    -1.63136419
    -0.67316896
    0.09511863
    0.72267437
    1.1791555
    1.51070599
    1.71412363
    1.84458205
    1.87115816
    1.77415211
    1.64090204
    1.48793449
    1.24780398
    1.25254728
    1.10863472
    1.00836551
    0.86875266
    0.69771459
    0.44015136
    0.06416885
    -0.37678639
    -0.9868944
    -1.69015535
    -2.44436233
    -3.30892648
    -4.23996198
    -5.33605614
    -6.69961096
    -8.23910708
    -10.10215924
    -12.23727849
    -14.68837064
    -17.56157844
    -21.05738049
    -24.86166375
    -28.86123496
    -32.97699046
    -37.12842069
    -41.11277299
    -44.46253196
    -47.46014026
    -50.52729576
    -53.50320669
    -56.17166343
    -58.40477998
    -60.34667414
    -61.95848209
    -63.20712356
    -64.29755671
    -65.17219749
    -65.85691902
    -66.38729425
    -66.66161085
    -66.81533339
    -66.7851778
    -66.5987148
    -66.36450211
    -66.02545015
    -65.64383258
    -65.15371438
    -64.64377
    -64.01476213
    -63.42676519
    -62.7819917
    -62.04732968
    -61.2319344
    -60.31942644
    -59.46603995
    -58.57118871
    -57.72729564
    -56.95484269
    -56.41702545
    -56.06234091
    -55.92511485
    -55.91658145
    -55.96396413
    -56.06794523
    -56.29840052
    -56.54180733
    -56.39852024
    -56.20116992
    -55.83285624
    -55.54126184
    -55.423839
    -55.11823618
    -54.52289281
    -53.752822
    -52.79122184
    -51.62200024
    -50.3245498
    -48.92851726
    -47.45624977
    -45.93108489
    -44.17055065
    -42.30854172
    -40.39717994
    -38.36574691
    -36.19888286
    -33.71418606
    -31.41376105
    -28.72454311
    -26.01689056
    -22.98998982
    -20.10141635
    -17.19487618
    -14.51592871
    -12.02273302
    -9.88254013
    -8.09706816
    -6.50376698
    -5.22427682
    -3.94898055
    -2.86062162
    -1.92926989
    -1.12812068
    -0.35813502
    0.16184974
    0.62464556
    0.90534484
    1.09140371
    1.28000016
    1.3767356
    1.43341273
    1.42402759
    1.43128821
    1.47852237
    1.38560537
    1.23911605
    1.12648339
    0.77260918
    0.41880025
    -0.02534094
    -0.62788614
    -1.33841905
    -2.14581009
    -3.1506361
    -4.30952943
    -5.71378535
    -7.34850963
    -9.16970142
    -11.32238377
    -13.85199527
    -16.81449157
    -20.22650182
    -24.01461804
    -27.86060591
    -31.96298311
    -36.13967046
    -40.32550835
    -44.38991009
    -48.0590912
    -51.06396567
    -54.17849665
    -57.23110487
    -59.97307945
    -62.23037437
    -64.10135705
    -65.65376039
    -66.80135059
    -67.73988738
    -68.33818852
    -68.73480207
    -68.88662305
    -68.83869009
    -68.58932909
    -68.13926869
    -67.57037899
    -66.82926152
    -65.9719437
    -64.97920068
    -63.95151557
    -62.79935937
    -61.72328375
    -60.54875988
    -59.38071228
    -58.22219988
    -57.13411229
    -56.13232732
    -55.24860398
    -54.49853781
    -53.85649989
    -53.35951625
    -53.08279104
    -53.02863993
    -52.85861071
    -53.12892371
    -53.3876932
    -53.97003977
    -54.84120835
    -55.55750456
    -56.20423452
    -56.43988468
    -56.36339444
    -56.22901693
    -55.97554071
    -55.65874319
    -55.0433063
    -54.37449664
    -53.57836522
    -52.58016165
    -51.41607145
    -50.1152513
    -48.6480458
    -47.06913815
    -45.31166284
    -43.5610791
    -41.55700299
    -39.55890842
    -37.45931111
    -35.13479038
    -32.7609787
    -30.13847485
    -27.49299518
    -24.39153319
    -21.54037548
    -18.76108373
    -15.87508617
    -13.19132285
    -10.84457646
    -8.84274134
    -7.03166483
    -5.44321441
    -4.10500652
    -2.82956722
    -1.61593748
    -0.58558763
    0.30434017
    1.02564563
    1.68233607
    2.11479505
    2.46560961
    2.65572073
    2.70851769
    2.68563969
    2.52675179
    2.32773554
    2.06796885
    1.73918755
    1.37523324
    1.05446705
    0.54065842
    0.24840468
    -0.24302833
    -0.75014235
    -1.41828424
    -2.16909563
    -3.11285729
    -4.23609896
    -5.6586622
    -7.38672296
    -9.52453174
    -12.30307424
    -15.67132061
    -19.62454476
    -24.02625055
    -28.47042439
    -32.99044808
    -37.62287135
    -42.20392767
    -46.49040132
    -50.08948375
    -53.17769605
    -56.40159544
    -59.26016826
    -61.79880493
    -63.79375256
    -65.46307637
    -66.77950812
    -67.70862028
    -68.37695509
    -68.78226787
    -68.89371317 %% max knee flex time instant
    -68.81361009
    -68.42737501
    -67.8509363
    -67.09570226
    -66.21174439
    -65.20003194
